13A200,41E228F5,108436907,1068120852,-49674,3590,8074,3
13A200,41E2293F,108436994,1068120958,289,3000,7723,6
13A200,41E2290D,108436974,1068120882,113,4310,7999,3
13A200,41E2293F,108436994,1068120958,289,3000,7723,6
13A200,41E2290D,108436974,1068120882,208,4290,7999,3
13A200,41E2293F,108436994,1068120958,289,3000,7722,6
13A200,41E228D7,108436897,1068121030,-45577,3040,7999,6
13A200,41E2293F,108436994,1068120958,289,3000,7722,6
13A200,41E2290D,108436974,1068120882,208,4290,8000,6
13A200,41E2293F,108436994,1068120958,289,3000,7723,6
13A200,41E228D7,108436897,1068121030,-45782,3050,7993,6
13A200,41E2293F,108436994,1068120958,289,3000,7720,6
13A200,41E2290D,108436974,1068120882,208,4290,7998,6
13A200,41E2293F,108436994,1068120958,289,3000,7720,6
13A200,41E228D7,108436897,1068121030,-45782,3050,8004,6
13A200,41E2293F,108436994,1068120958,289,3000,7720,6
13A200,41E2290D,108436974,1068120882,88,4340,7992,6
13A200,41E2293F,108436994,1068120958,289,3000,7720,6
13A200,41E2290D,108436974,1068120882,208,4290,7998,6
13A200,41E2293F,108436994,1068120958,289,3000,7720,6
13A200,41E228D7,108436897,1068121030,-45782,3050,7999,6
13A200,41E2293F,108436994,1068120958,289,3000,7728,6
13A200,41E228F5,108436907,1068120852,-49674,3590,8070,3
13A200,41E2293F,108436994,1068120958,265,3000,7723,6
13A200,41E2290D,108436974,1068120882,208,4290,7998,3
13A200,41E2293F,108436994,1068120958,265,3000,7723,6
13A200,41E228F5,108436908,1068120851,-49140,3590,8074,3
13A200,41E2293F,108436994,1068120958,265,3000,7723,6
13A200,41E2290D,108436973,1068120881,6,4290,7998,3
13A200,41E2293F,108436994,1068120958,265,3000,7723,6
13A200,41E2290D,108436973,1068120881,6,4290,7999,3
13A200,41E2293F,108436995,1068120957,265,3000,7720,6
13A200,41E228F5,108436909,1068120851,-49922,3590,8074,3
13A200,41E2293F,108436995,1068120957,265,3000,7724,6
13A200,41E228D7,108436897,1068121030,-45560,3040,7998,6
13A200,41E2293F,108436995,1068120957,265,3000,7724,6
13A200,41E2290D,108436973,1068120881,85,4260,7992,0
13A200,41E2293F,108436995,1068120957,280,3000,7718,6
13A200,41E228D7,108436897,1068121030,-45560,3040,7998,6
13A200,41E2293F,108436995,1068120957,239,3000,7718,6
13A200,41E2290D,108436973,1068120881,125,4260,7994,6
13A200,41E2293F,108436995,1068120957,239,3020,7722,6
13A200,41E228D7,108436897,1068121030,-45560,3040,7996,6
13A200,41E2293F,108436995,1068120957,239,3020,7722,6
13A200,41E228F5,108436910,1068120850,-49915,3590,8072,3
13A200,41E2293F,108436995,1068120957,239,3020,7723,6
13A200,41E2290D,108436973,1068120881,125,4260,7998,0
13A200,41E2293F,108436994,1068120956,289,3020,7722,6
13A200,41E2290D,108436973,1068120881,125,4260,7998,0
13A200,41E2293F,108436994,1068120956,289,3020,7722,6
13A200,41E2290D,108436973,1068120881,125,4260,7998,0
13A200,41E2293F,108436994,1068120956,289,3020,7722,6
13A200,41E2290D,108436972,1068120880,6,4220,7993,81
13A200,41E2293F,108436994,1068120956,161,3010,7725,6
13A200,41E2290D,108436972,1068120880,6,4210,7996,81
13A200,41E2293F,108436994,1068120956,361,3010,7718,6
13A200,41E228F5,108436910,1068120850,-49900,3520,8070,3
13A200,41E2293F,108436994,1068120956,361,3010,7718,6
13A200,41E228D7,108436898,1068121031,-45507,2990,8001,6
13A200,41E2293F,108436994,1068120956,361,3010,7718,6
13A200,41E2290D,108436972,1068120879,150,4230,7998,3
13A200,41E2293F,108436994,1068120956,439,3010,7718,6
13A200,41E228D7,108436898,1068121031,-45507,2990,8001,6
13A200,41E2293F,108436994,1068120956,439,3010,7718,6
13A200,41E2290D,108436972,1068120878,150,4220,7999,6
13A200,41E2293F,108436994,1068120956,439,3010,7718,6
13A200,41E2290D,108436972,1068120879,232,4230,7998,0
13A200,41E2293F,108436994,1068120956,439,3010,7722,6
13A200,41E228D7,108436898,1068121030,-45569,3000,8001,6
13A200,41E2293F,108436994,1068120956,439,3010,7723,6
13A200,41E2290D,108436972,1068120878,150,4220,7994,6
13A200,41E2293F,108436994,1068120956,143,3010,7717,6
13A200,41E228F5,108436914,1068120848,-49252,3500,8072,3
13A200,41E2293F,108436994,1068120956,143,3010,7717,6
13A200,41E2290D,108436972,1068120878,150,4220,7994,3
13A200,41E2293F,108436994,1068120956,143,3010,7717,6
13A200,41E228F5,108436915,1068120848,-49522,3500,8074,3
13A200,41E2293F,108436994,1068120956,143,3010,7720,6
13A200,41E228D7,108436898,1068121030,-45569,3000,7999,6
13A200,41E2293F,108436994,1068120956,143,3010,7720,6
13A200,41E228D7,108436898,1068121030,-45569,3000,7999,6
13A200,41E2293F,108436994,1068120956,143,3010,7720,6
13A200,41E2290D,108436972,1068120878,150,4220,7998,6
13A200,41E2293F,108436994,1068120956,143,3010,7720,6
13A200,41E228F5,108436915,1068120848,-49522,3500,8074,3
13A200,41E2293F,108436994,1068120956,143,3010,7720,6
13A200,41E2290D,108436972,1068120878,150,4220,8004,3
13A200,41E2293F,108436994,1068120956,346,3010,7718,6
13A200,41E228F5,108436915,1068120848,-49648,3500,8074,3
13A200,41E2293F,108436994,1068120956,346,3010,7720,6
13A200,41E2290D,108436972,1068120878,150,4220,7994,3
13A200,41E2293F,108436994,1068120956,346,3010,7720,6
13A200,41E2290D,108436972,1068120878,150,4220,8003,119
13A200,41E2293F,108436994,1068120956,170,2950,7725,6
13A200,41E2290D,108436972,1068120878,150,4220,7998,6
13A200,41E2293F,108436994,1068120956,170,2950,7722,6
13A200,41E2290D,108436972,1068120878,150,4220,7996,6
13A200,41E2293F,108436993,1068120956,170,2950,7728,6
13A200,41E228D7,108436898,1068121030,-45612,3000,7996,6
13A200,41E2293F,108436993,1068120956,191,2950,7728,6
13A200,41E2290D,108436972,1068120878,150,4220,7991,6
13A200,41E2293F,108436993,1068120956,191,2950,7718,6
13A200,41E228F5,108436917,1068120848,-49588,3510,8074,3
13A200,41E2293F,108436993,1068120956,191,2950,7718,6
13A200,41E2290D,108436972,1068120878,150,4220,7991,3
13A200,41E2293F,108436993,1068120956,191,2950,7722,6
13A200,41E228F5,108436917,1068120848,-49588,3510,8074,3
13A200,41E2293F,108436993,1068120956,128,2950,7722,6
13A200,41E2290D,108436972,1068120878,150,4220,7991,3
13A200,41E2293F,108436993,1068120956,128,2950,7718,6
13A200,41E228F5,108436917,1068120848,-49588,3510,8074,3
13A200,41E2293F,108436993,1068120956,128,2950,7723,6
13A200,41E2290D,108436972,1068120878,150,4210,7999,0
13A200,41E2293F,108436993,1068120956,128,2950,7722,6
13A200,41E228D7,108436896,1068121029,-45612,3010,8001,6
13A200,41E2293F,108436993,1068120956,128,2950,7723,6
13A200,41E228D7,108436896,1068121029,-45612,3010,7999,6
13A200,41E2293F,108436992,1068120957,337,2950,7722,6
13A200,41E228F5,108436917,1068120847,-49578,3510,8074,3
13A200,41E2293F,108436992,1068120957,322,2950,7720,6
13A200,41E2290D,108436972,1068120878,-79,4220,7998,3
13A200,41E2293F,108436992,1068120957,322,2950,7720,6
13A200,41E2290D,108436972,1068120878,-79,4220,8003,3
13A200,41E2293F,108436992,1068120957,322,2950,7720,6
13A200,41E228D7,108436897,1068121029,-45612,3010,7999,6
13A200,41E2293F,108436992,1068120957,322,2950,7725,6
13A200,41E2290D,108436972,1068120878,-79,4220,8003,6
13A200,41E2293F,108436992,1068120957,322,2950,7725,6
13A200,41E228D7,108436897,1068121029,-45612,3010,7996,6
13A200,41E2293F,108436991,1068120957,203,2950,7723,6
13A200,41E2290D,108436974,1068120877,199,4200,7994,238
13A200,41E2293F,108436991,1068120957,203,2950,7723,6
13A200,41E228D7,108436897,1068121029,-45612,3010,8003,6
13A200,41E2293F,108436991,1068120957,203,2950,7722,6
13A200,41E2290D,108436974,1068120876,208,4180,7991,3
13A200,41E2293F,108436991,1068120957,283,2950,7718,6
13A200,41E228F5,108436917,1068120847,-49507,3530,8074,3
13A200,41E2293F,108436991,1068120957,283,2950,7727,6
13A200,41E228F5,108436917,1068120847,-49507,3530,8074,3
13A200,41E2293F,108436991,1068120957,283,2950,7727,6
13A200,41E2290D,108436974,1068120876,208,4180,8006,3
13A200,41E2293F,108436991,1068120957,283,2950,7718,6
13A200,41E228F5,108436917,1068120847,-49477,3530,8074,3
13A200,41E2293F,108436992,1068120957,415,2930,7722,6
13A200,41E2290D,108436975,1068120876,24,4180,8006,3
13A200,41E2293F,108436992,1068120957,415,2930,7722,6
13A200,41E2290D,108436975,1068120876,24,4180,8003,3
13A200,41E2293F,108436992,1068120957,415,2930,7722,6
13A200,41E228F5,108436917,1068120847,-49477,3530,8075,3
13A200,41E2293F,108436992,1068120957,415,2930,7720,6
13A200,41E2290D,108436975,1068120876,24,4180,7999,3
13A200,41E2293F,108436992,1068120957,415,2930,7720,6
13A200,41E228F5,108436917,1068120847,-49477,3530,8074,3
13A200,41E2293F,108436992,1068120957,415,2930,7720,6
13A200,41E2290D,108436974,1068120875,24,4160,7996,0
13A200,41E2293F,108436992,1068120957,415,2930,7720,6
13A200,41E228F5,108436920,1068120845,-49585,3510,8072,3
13A200,41E2293F,108436992,1068120957,415,2930,7720,6
13A200,41E2290D,108436974,1068120875,76,4160,7986,3
13A200,41E2293F,108436992,1068120957,298,2930,7728,6
13A200,41E228F5,108436920,1068120845,-49585,3510,8072,3
13A200,41E2293F,108436992,1068120957,298,2930,7728,6
13A200,41E2290D,108436974,1068120875,76,4160,8000,3
13A200,41E2293F,108436992,1068120957,298,2930,7722,6
13A200,41E2290D,108436974,1068120875,76,4160,7986,3
13A200,41E2293F,108436994,1068120956,149,2930,7722,6
13A200,41E2290D,108436974,1068120874,162,4150,7994,6
13A200,41E2293F,108436993,1068120956,149,2960,7723,6
13A200,41E228F5,108436922,1068120846,-49070,3510,8074,3
13A200,41E2293F,108436993,1068120956,149,2970,7723,6
13A200,41E228D7,108436896,1068121029,-45730,2990,7996,6
13A200,41E2293F,108436993,1068120956,149,2970,7718,6
13A200,41E2290D,108436975,1068120874,116,4140,8003,6
13A200,41E2293F,108436993,1068120956,149,2970,7718,6
13A200,41E2290D,108436975,1068120874,-73,4140,7982,6
13A200,41E2293F,108436994,1068120956,316,3010,7722,6
13A200,41E228D7,108436896,1068121029,-45730,2980,8003,6
13A200,41E2293F,108436994,1068120956,71,3040,7723,6
13A200,41E2290D,108436975,1068120874,30,4140,7984,3
13A200,41E2293F,108436994,1068120956,218,3060,7720,6
13A200,41E2290D,108436975,1068120874,30,4140,7979,173
13A200,41E2293F,108436994,1068120957,80,3060,7720,6
13A200,41E2290D,108436975,1068120874,30,4140,7979,0
13A200,41E2293F,108436994,1068120957,272,3060,7718,6
13A200,41E2290D,108436977,1068120873,36,4140,7980,0
13A200,41E2293F,108436994,1068120957,272,3060,7723,6
13A200,41E228F5,108436923,1068120845,-49173,3520,8075,3
13A200,41E2293F,108436994,1068120957,272,3060,7718,6
13A200,41E228D7,108436897,1068121030,-45372,2990,7999,6
13A200,41E2293F,108436994,1068120957,272,3060,7722,6
13A200,41E2290D,108436977,1068120873,36,4140,7980,6
13A200,41E2293F,108436994,1068120958,155,3060,7722,6
13A200,41E228D7,108436897,1068121030,-45523,2990,7992,6
13A200,41E2293F,108436994,1068120958,212,3040,7722,6
13A200,41E2290D,108436979,1068120874,122,4140,7979,0
13A200,41E2293F,108436994,1068120958,361,3040,7718,6
13A200,41E2290D,108436979,1068120874,122,4140,7976,0
13A200,41E2293F,108436994,1068120958,361,3040,7718,6
13A200,41E2290D,108436979,1068120874,122,4140,7981,0
13A200,41E2293F,108436994,1068120958,361,3040,7718,6
13A200,41E228D7,108436897,1068121030,-45523,2990,7998,6
13A200,41E2293F,108436994,1068120958,361,3040,7720,6
13A200,41E2290D,108436979,1068120873,122,4140,7981,3
13A200,41E2293F,108436994,1068120958,361,3040,7722,6
13A200,41E228F5,108436924,1068120845,-49270,3540,8074,3
13A200,41E2293F,108436994,1068120958,361,3040,7722,6
13A200,41E228D7,108436898,1068121029,-45523,3000,7991,6
13A200,41E2293F,108436994,1068120958,361,3040,7720,6
13A200,41E228F5,108436924,1068120845,-49270,3540,8079,3
13A200,41E2293F,108436993,1068120957,278,3000,7718,6
13A200,41E2290D,108436979,1068120873,337,4080,7984,128
13A200,41E2293F,108436993,1068120957,278,3000,7718,6
13A200,41E228F5,108436925,1068120845,-49452,3540,8072,3
13A200,41E2293F,108436993,1068120957,125,3000,7720,6
13A200,41E2290D,108436979,1068120873,125,4080,7982,3
13A200,41E2293F,108436993,1068120957,125,3000,7718,6
13A200,41E2290D,108436979,1068120873,-73,4080,7984,3
13A200,41E2293F,108436993,1068120957,125,2990,7720,6
13A200,41E228F5,108436925,1068120845,-49849,3540,8074,3
13A200,41E2293F,108436993,1068120957,125,2990,7720,6
13A200,41E2290D,108436980,1068120872,-226,4070,7986,3
13A200,41E2293F,108436993,1068120957,125,2990,7718,6
13A200,41E2290D,108436980,1068120872,-226,4070,7986,3
13A200,41E2293F,108436993,1068120958,59,2990,7718,6
13A200,41E228D7,108436898,1068121028,-45523,2980,7992,6
13A200,41E2293F,108436993,1068120958,59,2990,7717,6
13A200,41E228F5,108436926,1068120845,-49303,3540,8074,3
13A200,41E2293F,108436993,1068120958,59,2990,7718,6
13A200,41E2290D,108436980,1068120872,-226,4070,7986,3
13A200,41E2293F,108436993,1068120958,209,2990,7718,6
13A200,41E228D7,108436898,1068121028,-45523,2980,7992,6
13A200,41E2293F,108436993,1068120958,209,2990,7718,6
13A200,41E2290D,108436980,1068120872,-226,4070,7982,6
13A200,41E2293F,108436993,1068120958,209,2990,7722,6
13A200,41E2290D,108436980,1068120872,-226,4070,7984,6
13A200,41E2293F,108436993,1068120958,203,2990,7718,6
13A200,41E228F5,108436927,1068120845,-49539,3540,8074,3
13A200,41E2293F,108436993,1068120958,203,3000,7718,6
13A200,41E228D7,108436898,1068121028,-45523,2980,7992,6
13A200,41E2293F,108436993,1068120958,203,3000,7718,6
13A200,41E2290D,108436980,1068120872,0,4060,7986,6
13A200,41E2293F,108436993,1068120958,203,3000,7718,6
13A200,41E228D7,108436898,1068121028,-45523,2980,7987,6
13A200,41E2293F,108436993,1068120958,203,3000,7718,6
13A200,41E228D7,108436898,1068121028,-45523,2980,7996,6
13A200,41E2293F,108436993,1068120959,373,3010,7720,6
13A200,41E228F5,108436927,1068120845,-49269,3530,8080,3
13A200,41E2293F,108436993,1068120959,349,3010,7718,6
13A200,41E228D7,108436897,1068121028,-45523,2970,7991,6
13A200,41E2293F,108436993,1068120959,349,3010,7720,6
13A200,41E2290D,108436981,1068120872,248,4040,7987,6
13A200,41E2293F,108436993,1068120959,349,3010,7720,6
13A200,41E228D7,108436897,1068121028,-45523,2970,7989,6
13A200,41E2293F,108436993,1068120959,349,3010,7720,6
13A200,41E2290D,108436981,1068120872,248,4040,7987,6
13A200,41E2293F,108436993,1068120959,349,3010,7718,6
13A200,41E2290D,108436981,1068120873,-42,4030,7989,6
13A200,41E2293F,108436993,1068120959,349,3010,7720,6
13A200,41E228F5,108436929,1068120846,-49462,3530,8077,3
13A200,41E2293F,108436993,1068120959,349,3010,7717,6
13A200,41E2290D,108436981,1068120873,-42,4030,7989,3
13A200,41E2293F,108436993,1068120959,349,3010,7717,6
13A200,41E228F5,108436930,1068120846,-49552,3550,8079,3
13A200,41E2293F,108436993,1068120959,287,3010,7720,6
13A200,41E2290D,108436981,1068120872,95,4030,7982,0
13A200,41E2293F,108436993,1068120960,254,3010,7720,6
13A200,41E2290D,108436982,1068120872,-18,4030,7982,3
13A200,41E2293F,108436993,1068120960,254,3010,7720,6
13A200,41E2290D,108436982,1068120872,-18,4030,7986,0
13A200,41E2293F,108436993,1068120960,254,3010,7717,6
13A200,41E2290D,108436982,1068120872,-18,4030,7984,0
13A200,41E2293F,108436993,1068120960,254,3010,7718,6
13A200,41E228F5,108436930,1068120846,-49462,3550,8077,3
13A200,41E2293F,108436993,1068120960,254,3010,7718,6
13A200,41E2290D,108436982,1068120872,-18,4030,7984,3
13A200,41E2293F,108436993,1068120960,254,3010,7718,6
13A200,41E228F5,108436930,1068120846,-49636,3550,8077,3
13A200,41E2293F,108436993,1068120960,242,3010,7718,6
13A200,41E228F5,108436930,1068120846,-49636,3550,8077,3
13A200,41E2293F,108436993,1068120960,242,3010,7720,6
13A200,41E228D7,108436897,1068121029,-45637,3010,7987,6
13A200,41E2293F,108436993,1068120960,242,3010,7720,6
13A200,41E228F5,108436931,1068120847,-49855,3550,8076,3
13A200,41E2293F,108436992,1068120959,212,3010,7717,6
13A200,41E2290D,108436982,1068120870,79,4030,7984,3
13A200,41E2293F,108436992,1068120959,212,3010,7717,6
13A200,41E2290D,108436982,1068120870,79,4030,7984,0
13A200,41E2293F,108436992,1068120959,212,3010,7718,6
13A200,41E2290D,108436982,1068120870,79,4020,7986,0
13A200,41E2293F,108436991,1068120958,272,3010,7717,6
13A200,41E228D7,108436897,1068121030,-45621,3000,7992,6
13A200,41E2293F,108436991,1068120958,272,3010,7717,6
13A200,41E228D7,108436897,1068121030,-45621,3000,7992,6
13A200,41E2293F,108436991,1068120958,272,2920,7717,6
13A200,41E2290D,108436983,1068120870,98,3990,7989,0
13A200,41E2293F,108436991,1068120958,272,2920,7722,6
13A200,41E2290D,108436983,1068120870,98,3990,7986,0
13A200,41E2293F,108436990,1068120959,272,2920,7717,6
13A200,41E228F5,108436932,1068120848,-49651,3560,8080,3
13A200,41E2293F,108436990,1068120959,272,2920,7718,6
13A200,41E228D7,108436897,1068121030,-45621,3000,7989,6
13A200,41E2293F,108436990,1068120959,272,2920,7720,6
13A200,41E2290D,108436983,1068120870,98,3990,7985,6
13A200,41E2293F,108436990,1068120959,272,2920,7720,6
13A200,41E2290D,108436983,1068120870,98,3990,7986,6
13A200,41E2293F,108436990,1068120959,272,2920,7720,6
13A200,41E2290D,108436983,1068120870,98,3990,7985,6
13A200,41E2293F,108436990,1068120960,272,2920,7718,6
13A200,41E2290D,108436983,1068120870,217,3980,7981,6
13A200,41E2293F,108436990,1068120960,367,2930,7718,6
13A200,41E228F5,108436932,1068120848,-49277,3560,8077,3
13A200,41E2293F,108436990,1068120960,367,2930,7722,6
13A200,41E2290D,108436983,1068120870,98,3990,7989,0
13A200,41E2293F,108436990,1068120960,367,2930,7718,6
13A200,41E228F5,108436933,1068120848,-49076,3550,8077,3
13A200,41E2293F,108436990,1068120961,367,2930,7718,6
13A200,41E2290D,108436983,1068120870,110,3970,7981,3
13A200,41E2293F,108436990,1068120961,367,2930,7718,6
13A200,41E2290D,108436983,1068120870,110,3970,7981,3
13A200,41E2293F,108436990,1068120961,367,2930,7717,6
13A200,41E2290D,108436983,1068120870,294,3970,7981,48
13A200,41E2293F,108436991,1068120961,38,2930,7718,6
13A200,41E2290D,108436983,1068120870,294,3970,7981,6
13A200,41E2293F,108436991,1068120961,38,2930,7720,6
13A200,41E2290D,108436985,1068120870,349,3950,7981,0
13A200,41E2293F,108436991,1068120961,281,2930,7718,6
13A200,41E2290D,108436983,1068120870,110,3960,7982,0
13A200,41E2293F,108436991,1068120961,281,2930,7716,6
13A200,41E228D7,108436896,1068121028,-45566,2970,7993,6
13A200,41E2293F,108436991,1068120961,281,2950,7718,6
13A200,41E228D7,108436896,1068121028,-45566,2970,7989,6
13A200,41E2293F,108436991,1068120961,281,2950,7718,6
13A200,41E2290D,108436985,1068120870,245,3950,7981,6
13A200,41E2293F,108436991,1068120961,281,2950,7718,6
13A200,41E2290D,108436985,1068120870,245,3950,7982,0
13A200,41E2293F,108436991,1068120961,352,2950,7718,6
13A200,41E228F5,108436935,1068120849,-49253,3550,8087,3
13A200,41E2293F,108436991,1068120961,352,2950,7722,6
13A200,41E2290D,108436985,1068120870,245,3950,7982,3
13A200,41E2293F,108436991,1068120961,352,2950,7722,6
13A200,41E228D7,108436896,1068121028,-45578,2970,7987,6
13A200,41E2293F,108436990,1068120962,188,2950,7720,6
13A200,41E2290D,108436986,1068120871,275,3950,7982,6
13A200,41E2293F,108436990,1068120962,188,2950,7718,6
13A200,41E2290D,108436986,1068120871,275,3950,7982,0
13A200,41E2293F,108436990,1068120963,340,2950,7722,6
13A200,41E228F5,108436935,1068120849,-49098,3550,8084,3
13A200,41E2293F,108436990,1068120963,314,2950,7718,6
13A200,41E2290D,108436986,1068120871,275,3950,7984,3
13A200,41E2293F,108436990,1068120963,314,2950,7718,6
13A200,41E228F5,108436935,1068120849,-49098,3550,8084,3
13A200,41E2293F,108436990,1068120963,314,2950,7720,6
13A200,41E228F5,108436935,1068120848,-50158,3550,8087,3
13A200,41E2293F,108436990,1068120963,314,2950,7720,6
13A200,41E2290D,108436988,1068120871,275,3970,7976,0
13A200,41E2293F,108436990,1068120963,314,2950,7717,6
13A200,41E2290D,108436988,1068120871,275,3970,7977,0
13A200,41E2293F,108436990,1068120963,314,2950,7717,6
13A200,41E2290D,108436987,1068120872,162,3970,7977,3
13A200,41E2293F,108436990,1068120963,314,2950,7718,6
13A200,41E2290D,108436987,1068120872,162,3970,7979,0
13A200,41E2293F,108436990,1068120963,140,2950,7718,6
13A200,41E2290D,108436987,1068120872,162,3970,7982,71
13A200,41E2293F,108436990,1068120963,140,2950,7718,6
13A200,41E228D7,108436895,1068121029,-45578,2990,7985,6
13A200,41E2293F,108436990,1068120963,140,2950,7718,6
13A200,41E2290D,108436987,1068120872,162,3970,7981,6
13A200,41E2293F,108436990,1068120963,140,2950,7718,6
13A200,41E2290D,108436987,1068120872,180,3970,7984,6
13A200,41E2293F,108436990,1068120963,140,2950,7718,6
13A200,41E228F5,108436936,1068120848,-49710,3530,8086,3
13A200,41E2293F,108436990,1068120963,140,2950,7718,6
13A200,41E2290D,108436987,1068120872,180,3970,7979,3
13A200,41E2293F,108436990,1068120963,140,2950,7717,6
13A200,41E2290D,108436988,1068120871,45,3970,7979,3
13A200,41E2293F,108436990,1068120963,314,2950,7722,6
13A200,41E228D7,108436895,1068121029,-45578,2990,7987,6
13A200,41E2293F,108436990,1068120963,314,2950,7718,6
13A200,41E228D7,108436895,1068121029,-45578,2990,7987,6
13A200,41E2293F,108436990,1068120963,221,2950,7720,6
13A200,41E228F5,108436936,1068120848,-49710,3530,8082,3
13A200,41E2293F,108436990,1068120963,221,2950,7720,6
13A200,41E2290D,108436988,1068120871,-171,3970,7982,0
13A200,41E2293F,108436990,1068120963,221,2950,7718,6
13A200,41E228F5,108436937,1068120848,-48969,3520,8086,3
13A200,41E2293F,108436990,1068120963,221,2950,7718,6
13A200,41E2290D,108436989,1068120871,196,3960,7984,3
13A200,41E2293F,108436990,1068120963,221,2950,7718,6
13A200,41E2290D,108436989,1068120872,134,3960,7982,0
13A200,41E2293F,108436990,1068120963,340,2990,7718,6
13A200,41E228F5,108436938,1068120849,-49549,3520,8084,3
13A200,41E2293F,108436990,1068120963,340,2980,7718,6
13A200,41E2290D,108436989,1068120872,134,3960,7981,20
13A200,41E2293F,108436990,1068120963,340,2980,7718,6
13A200,41E228D7,108436894,1068121031,-45685,2990,7987,6
13A200,41E2293F,108436990,1068120963,340,2980,7718,6
13A200,41E2290D,108436989,1068120872,174,3960,7981,6
13A200,41E2293F,108436990,1068120963,340,2980,7718,6
13A200,41E2290D,108436989,1068120872,134,3960,7981,6
13A200,41E2293F,108436990,1068120963,340,2980,7718,6
13A200,41E228F5,108436938,1068120849,-49612,3520,8089,3
13A200,41E2293F,108436990,1068120963,158,2980,7717,6
13A200,41E2290D,108436989,1068120872,174,3960,7986,3
13A200,41E2293F,108436990,1068120963,158,2980,7718,6
13A200,41E2290D,108436989,1068120872,174,3960,7986,3
13A200,41E2293F,108436990,1068120963,158,2980,7718,6
13A200,41E228F5,108436938,1068120849,-49612,3520,8089,3
13A200,41E2293F,108436990,1068120963,158,2980,7718,6
13A200,41E2290D,108436989,1068120871,85,3940,7986,0
13A200,41E2293F,108436990,1068120963,293,2980,7718,6
13A200,41E228F5,108436938,1068120849,-49612,3520,8084,3
13A200,41E2293F,108436990,1068120963,293,2980,7718,6
13A200,41E2290D,108436989,1068120870,-55,3940,7981,0
13A200,41E2293F,108436990,1068120963,293,2980,7722,6
13A200,41E2290D,108436989,1068120870,-55,3940,7979,0
13A200,41E2293F,108436990,1068120963,293,2980,7717,6
13A200,41E2290D,108436989,1068120870,-55,3940,7982,6
13A200,41E2293F,108436989,1068120964,293,2970,7718,6
13A200,41E228F5,108436939,1068120850,-49665,3500,8091,3
13A200,41E2293F,108436989,1068120964,293,2970,7718,6
13A200,41E2290D,108436989,1068120870,-55,3940,7976,3
13A200,41E2293F,108436989,1068120964,293,2970,7718,6
13A200,41E228D7,108436894,1068121031,-45579,3010,7985,6
13A200,41E2293F,108436989,1068120964,293,2970,7718,6
13A200,41E228D7,108436894,1068121031,-45579,3010,7987,6
13A200,41E2293F,108436989,1068120964,293,2970,7718,6
13A200,41E2290D,108436989,1068120870,-55,3940,7976,6
13A200,41E2293F,108436989,1068120964,293,2970,7718,6
13A200,41E228F5,108436939,1068120850,-49335,3510,8091,3
13A200,41E2293F,108436989,1068120964,281,2970,7718,6
13A200,41E2290D,108436989,1068120870,-55,3930,7979,0
13A200,41E2293F,108436989,1068120964,418,2970,7714,6
13A200,41E2290D,108436989,1068120870,49,3930,7977,0
13A200,41E2293F,108436989,1068120964,418,2970,7715,6
13A200,41E228F5,108436939,1068120850,-49233,3510,8087,3
13A200,41E2293F,108436989,1068120965,445,2970,7718,6
13A200,41E2290D,108436989,1068120870,15,3930,7981,0
13A200,41E2293F,108436989,1068120965,445,2960,7718,6
13A200,41E2290D,108436989,1068120870,15,3930,7981,0
13A200,41E2293F,108436989,1068120965,445,2960,7718,6
13A200,41E2290D,108436989,1068120870,15,3930,7981,0
13A200,41E2293F,108436989,1068120965,445,2960,7718,6
13A200,41E2290D,108436989,1068120870,-55,3930,7979,0
13A200,41E2293F,108436989,1068120964,445,2980,7718,6
13A200,41E228F5,108436940,1068120852,-49235,3530,8091,3
13A200,41E2293F,108436989,1068120964,445,2980,7718,6
13A200,41E228D7,108436893,1068121033,-45532,3020,7989,6
13A200,41E2293F,108436989,1068120964,445,3070,7717,6
13A200,41E2290D,108436989,1068120871,15,3920,7974,6
13A200,41E2293F,108436989,1068120964,445,3070,7718,6
13A200,41E228F5,108436940,1068120852,-49235,3530,8089,3
13A200,41E2293F,108436990,1068120962,400,3070,7718,6
13A200,41E228D7,108436893,1068121033,-45532,3030,7989,6
13A200,41E2293F,108436990,1068120962,400,3070,7718,6
13A200,41E2290D,108436989,1068120871,165,3910,7972,6
13A200,41E2293F,108436990,1068120962,400,3070,7718,6
13A200,41E228F5,108436940,1068120852,-49235,3530,8091,3
13A200,41E2293F,108436991,1068120961,269,3080,7720,6
13A200,41E2290D,108436989,1068120871,165,3910,7974,3
13A200,41E2293F,108436991,1068120961,269,3080,7720,6
13A200,41E2290D,108436989,1068120871,193,3910,7974,3
13A200,41E2293F,108436991,1068120961,269,3080,7720,6
13A200,41E2290D,108436989,1068120871,193,3910,7972,3
13A200,41E2293F,108436991,1068120961,269,3080,7720,6
13A200,41E2290D,108436989,1068120871,193,3910,7972,0
13A200,41E2293F,108436992,1068120959,62,3080,7718,6
13A200,41E2290D,108436989,1068120871,193,3910,7972,0
13A200,41E2293F,108436992,1068120959,107,3080,7718,6
13A200,41E2290D,108436989,1068120871,134,3910,7972,0
13A200,41E2293F,108436992,1068120959,107,3080,7717,6
13A200,41E228D7,108436893,1068121033,-45532,3030,7991,6
13A200,41E2293F,108436992,1068120959,107,3080,7717,6
13A200,41E2290D,108436988,1068120871,134,3910,7974,6
13A200,41E2293F,108436994,1068120958,239,3080,7718,6
13A200,41E2290D,108436988,1068120871,134,3910,7977,6
13A200,41E2293F,108436994,1068120958,239,3080,7718,6
13A200,41E2290D,108436988,1068120871,134,3930,7977,6
13A200,41E2293F,108436994,1068120958,344,3080,7718,6
13A200,41E228D7,108436893,1068121032,-45571,3030,7994,6
13A200,41E2293F,108436994,1068120958,344,3080,7718,6
13A200,41E2290D,108436988,1068120871,134,3930,7981,0
13A200,41E2293F,108436994,1068120958,95,3080,7718,6
13A200,41E228F5,108436943,1068120852,-49840,3530,8094,3
13A200,41E2293F,108436995,1068120958,95,3080,7717,6
13A200,41E228D7,108436892,1068121033,-45571,3050,7991,6
13A200,41E2293F,108436995,1068120958,95,3080,7715,6
13A200,41E2290D,108436988,1068120871,134,3930,7982,6
13A200,41E2293F,108436995,1068120958,95,3080,7720,6
13A200,41E228D7,108436892,1068121033,-45571,3050,7989,6
13A200,41E2293F,108436995,1068120958,140,3080,7720,6
13A200,41E2290D,108436988,1068120871,134,3930,7970,6
13A200,41E2293F,108436995,1068120958,140,3080,7718,6
13A200,41E2290D,108436988,1068120871,134,3930,7977,140
13A200,41E2293F,108436995,1068120958,140,3080,7715,6
13A200,41E2290D,108436988,1068120871,134,3930,7977,140
13A200,41E2293F,108436995,1068120958,140,3080,7715,6
13A200,41E228F5,108436943,1068120852,-49840,3530,8091,3
13A200,41E2293F,108436995,1068120958,140,3080,7718,6
13A200,41E228D7,108436892,1068121034,-45571,3050,7989,6
13A200,41E2293F,108436995,1068120958,140,3080,7718,6
13A200,41E2290D,108436987,1068120872,-92,3940,7984,0
13A200,41E2293F,108436995,1068120958,281,3080,7720,6
13A200,41E2290D,108436987,1068120872,-141,3950,7976,20
13A200,41E2293F,108436995,1068120958,266,3080,7720,6
13A200,41E2290D,108436987,1068120872,-141,3950,7980,20
13A200,41E2293F,108436995,1068120958,266,3080,7720,6
13A200,41E228F5,108436943,1068120853,-49398,3550,8091,3
13A200,41E2293F,108436995,1068120958,266,3080,7718,6
13A200,41E2290D,108436987,1068120872,-141,3950,7980,49
13A200,41E2293F,108436994,1068120958,266,3080,7716,6
13A200,41E228F5,108436943,1068120854,-49965,3590,8091,3
13A200,41E2293F,108436994,1068120958,236,3080,7718,6
13A200,41E2290D,108436987,1068120872,107,3950,7986,3
13A200,41E2293F,108436994,1068120958,236,3080,7718,6
13A200,41E228F5,108436943,1068120854,-49965,3590,8091,3
13A200,41E2293F,108436994,1068120958,236,3080,7718,6
13A200,41E228D7,108436892,1068121036,-45674,3070,7989,6
13A200,41E2293F,108436994,1068120958,236,3080,7718,6
13A200,41E2290D,108436988,1068120872,-79,3940,7981,6
13A200,41E2293F,108436994,1068120958,236,3080,7717,6
13A200,41E228F5,108436943,1068120854,-49965,3590,8091,3
13A200,41E2293F,108436994,1068120958,236,3080,7717,6
13A200,41E228F5,108436943,1068120854,-49965,3590,8089,3
13A200,41E2293F,108436994,1068120958,236,3040,7722,6
13A200,41E228D7,108436892,1068121036,-45674,3060,7992,6
13A200,41E2293F,108436994,1068120958,215,3050,7722,6
13A200,41E2290D,108436988,1068120872,3,3940,7981,6
13A200,41E2293F,108436994,1068120958,215,3050,7718,6
13A200,41E2290D,108436988,1068120872,3,3940,7982,0
13A200,41E2293F,108436994,1068120958,260,3050,7717,6
13A200,41E2290D,108436988,1068120872,3,3940,7976,0
13A200,41E2293F,108436994,1068120958,260,3050,7718,6
13A200,41E2290D,108436988,1068120872,3,3940,7981,0
13A200,41E2293F,108436994,1068120958,260,3050,7718,6
13A200,41E228F5,108436943,1068120854,-49112,3590,8092,3
13A200,41E2293F,108436994,1068120958,227,3050,7718,6
13A200,41E2290D,108436988,1068120872,113,3940,7981,3
13A200,41E2293F,108436994,1068120958,227,3050,7717,6
13A200,41E2290D,108436988,1068120872,113,3940,7981,3
13A200,41E2293F,108436994,1068120958,239,3000,7718,6
13A200,41E2290D,108436988,1068120872,113,3950,7984,3
13A200,41E2293F,108436994,1068120958,239,3000,7718,6
13A200,41E228D7,108436892,1068121035,-45674,3060,7996,6
13A200,41E2293F,108436994,1068120958,254,3010,7718,6
13A200,41E2290D,108436988,1068120871,211,3950,7981,6
13A200,41E2293F,108436994,1068120957,113,3010,7718,6
13A200,41E228F5,108436944,1068120855,-49863,3590,8089,3
13A200,41E2293F,108436994,1068120957,113,3010,7718,6
13A200,41E228F5,108436944,1068120855,-49863,3590,8092,3
13A200,41E2293F,108436994,1068120957,215,2990,7718,6
13A200,41E2290D,108436988,1068120871,-110,3950,7986,3
13A200,41E2293F,108436994,1068120957,215,2990,7718,6
13A200,41E228D7,108436892,1068121035,-45674,3050,7989,6
13A200,41E2293F,108436994,1068120957,215,2980,7718,6
13A200,41E2290D,108436988,1068120871,-110,3950,7981,188
13A200,41E2293F,108436994,1068120957,215,2980,7717,6
13A200,41E228F5,108436945,1068120854,-49281,3610,8092,3
13A200,41E2293F,108436994,1068120957,215,2980,7718,6
13A200,41E228F5,108436945,1068120854,-49281,3610,8092,3
13A200,41E2293F,108436994,1068120957,215,2980,7718,6
13A200,41E228F5,108436945,1068120854,-49539,3610,8091,3
13A200,41E2293F,108436994,1068120957,143,2980,7718,6
13A200,41E2290D,108436988,1068120871,30,3950,7984,3
13A200,41E2293F,108436994,1068120957,143,2980,7717,6
13A200,41E2290D,108436988,1068120871,30,3950,7984,3
13A200,41E2293F,108436994,1068120957,140,2980,7718,6
13A200,41E2290D,108436988,1068120871,30,3950,7984,3
13A200,41E2293F,108436994,1068120957,140,2980,7718,6
13A200,41E2290D,108436988,1068120871,30,3950,7986,3
13A200,41E2293F,108436994,1068120957,230,2970,7718,6
13A200,41E228F5,108436945,1068120854,-49539,3610,8091,3
13A200,41E2293F,108436994,1068120957,230,2970,7717,6
13A200,41E228D7,108436896,1068121031,-45617,3000,7991,6
13A200,41E2293F,108436994,1068120954,-5,2960,7718,6
13A200,41E228F5,108436946,1068120855,-49732,3650,8092,3
13A200,41E2293F,108436994,1068120954,-5,2970,7718,6
13A200,41E2290D,108436987,1068120870,55,3950,7979,3
13A200,41E2293F,108436994,1068120954,-5,2970,7718,6
13A200,41E2290D,108436987,1068120870,55,3950,7979,3
13A200,41E2293F,108436994,1068120954,-5,2970,7713,6
13A200,41E228F5,108436946,1068120855,-49732,3650,8092,3
13A200,41E2293F,108436994,1068120954,-5,2970,7716,6
13A200,41E2290D,108436986,1068120871,101,3950,7982,0
13A200,41E2293F,108436993,1068120955,200,2970,7717,6
13A200,41E228D7,108436896,1068121030,-45617,3000,7989,6
13A200,41E2293F,108436993,1068120955,200,2970,7718,6
13A200,41E2290D,108436986,1068120871,101,3950,7981,6
13A200,41E2293F,108436993,1068120955,200,2970,7717,6
13A200,41E228F5,108436946,1068120855,-49732,3650,8092,3
13A200,41E2293F,108436993,1068120955,200,2970,7722,6
13A200,41E228D7,108436896,1068121030,-45617,3000,7991,6
13A200,41E2293F,108436993,1068120955,200,2970,7722,6
13A200,41E2290D,108436986,1068120871,101,3950,7981,6
13A200,41E2293F,108436993,1068120955,200,2970,7722,6
13A200,41E2290D,108436986,1068120871,101,3950,7981,6
13A200,41E2293F,108436993,1068120955,200,2970,7717,6
13A200,41E228D7,108436896,1068121030,-45617,3000,7991,6
13A200,41E2293F,108436993,1068120955,92,2970,7717,6
13A200,41E2290D,108436987,1068120870,-61,3950,7981,6
13A200,41E2293F,108436993,1068120955,92,2970,7718,6
13A200,41E2290D,108436986,1068120871,101,3950,7981,6
13A200,41E2293F,108436993,1068120955,92,2970,7718,6
13A200,41E228F5,108436946,1068120855,-49732,3650,8091,3
13A200,41E2293F,108436993,1068120955,50,2970,7718,6
13A200,41E228D7,108436896,1068121030,-45617,3000,7994,6
13A200,41E2293F,108436993,1068120955,50,2970,7717,6
13A200,41E2290D,108436986,1068120871,147,3960,7987,6
13A200,41E2293F,108436993,1068120955,50,2970,7717,6
13A200,41E2290D,108436986,1068120871,147,3960,7986,6
13A200,41E2293F,108436991,1068120957,302,2980,7720,6
13A200,41E228D7,108436896,1068121027,-45596,2990,7992,6
13A200,41E2293F,108436991,1068120957,302,2980,7718,6
13A200,41E228F5,108436946,1068120855,-49632,3660,8091,3
13A200,41E2293F,108436991,1068120957,302,2980,7718,6
13A200,41E228F5,108436946,1068120855,-48762,3660,8094,3
13A200,41E2293F,108436991,1068120957,302,2980,7717,6
13A200,41E2290D,108436986,1068120871,-67,3970,7982,0
13A200,41E2293F,108436990,1068120959,269,2980,7715,6
13A200,41E2290D,108436985,1068120870,92,4000,7984,0
13A200,41E2293F,108436990,1068120959,248,2980,7718,6
13A200,41E228F5,108436946,1068120855,-48762,3660,8092,3
13A200,41E2293F,108436990,1068120959,248,2980,7717,6
13A200,41E228D7,108436895,1068121027,-45596,2990,7991,6
13A200,41E2293F,108436990,1068120959,248,2980,7717,6
13A200,41E228F5,108436946,1068120855,-48762,3660,8099,3
13A200,41E2293F,108436990,1068120959,248,2980,7717,6
13A200,41E2290D,108436985,1068120870,92,4000,7987,3
13A200,41E2293F,108436990,1068120959,248,2980,7717,6
13A200,41E2290D,108436985,1068120870,92,4000,7987,47
13A200,41E2293F,108436990,1068120959,248,2980,7715,6
13A200,41E2290D,108436985,1068120870,92,4000,7982,47
13A200,41E2293F,108436990,1068120959,305,2980,7717,6
13A200,41E228F5,108436946,1068120855,-49827,3700,8094,3
13A200,41E2293F,108436990,1068120959,305,2980,7715,6
13A200,41E228F5,108436946,1068120855,-49827,3700,8091,3
13A200,41E2293F,108436990,1068120959,305,2980,7718,6
13A200,41E2290D,108436985,1068120870,92,4000,7981,3
13A200,41E2293F,108436990,1068120959,305,2980,7718,6
13A200,41E228F5,108436947,1068120855,-49827,3700,8099,3
13A200,41E2293F,108436990,1068120959,305,2980,7717,6
13A200,41E2290D,108436985,1068120870,92,4000,7981,3
13A200,41E2293F,108436990,1068120960,403,2970,7717,6
13A200,41E2290D,108436985,1068120870,227,4000,7986,3
13A200,41E2293F,108436990,1068120960,116,2970,7715,6
13A200,41E2290D,108436985,1068120870,92,4000,7982,3
13A200,41E2293F,108436990,1068120960,116,2960,7718,6
13A200,41E2290D,108436985,1068120870,-18,4000,7980,3
13A200,41E2293F,108436989,1068120960,239,2970,7720,6
13A200,41E228F5,108436947,1068120855,-49658,3720,8099,3
13A200,41E2293F,108436989,1068120960,239,2970,7718,6
13A200,41E228D7,108436895,1068121028,-45713,2990,7989,6
13A200,41E2293F,108436989,1068120960,239,2970,7717,6
13A200,41E228D7,108436895,1068121028,-45418,2990,7991,6
13A200,41E2293F,108436989,1068120960,104,2950,7718,6
13A200,41E228F5,108436947,1068120855,-49658,3720,8094,3
13A200,41E2293F,108436989,1068120960,104,2950,7718,6
13A200,41E228D7,108436894,1068121029,-45418,3000,7991,6
13A200,41E2293F,108436989,1068120960,104,2940,7717,6
13A200,41E2290D,108436985,1068120870,21,3980,7982,6
13A200,41E2293F,108436989,1068120960,104,2940,7717,6
13A200,41E228F5,108436947,1068120855,-49176,3750,8091,3
13A200,41E2293F,108436989,1068120960,104,2940,7717,6
13A200,41E228D7,108436894,1068121029,-45418,3000,7987,6
13A200,41E2293F,108436989,1068120960,104,2940,7718,6
13A200,41E2290D,108436985,1068120870,-18,4000,7987,6
13A200,41E2293F,108436989,1068120960,104,2940,7718,6
13A200,41E228F5,108436947,1068120856,-49310,3750,8094,3
13A200,41E2293F,108436989,1068120960,104,2940,7718,6
13A200,41E228D7,108436894,1068121029,-45418,3000,7987,6
13A200,41E2293F,108436989,1068120960,239,2940,7716,6
13A200,41E2290D,108436985,1068120870,95,3990,7980,6
13A200,41E2293F,108436989,1068120960,239,2940,7722,6
13A200,41E2290D,108436985,1068120870,95,3990,7982,6
13A200,41E2293F,108436988,1068120960,71,2940,7722,6
13A200,41E2290D,108436985,1068120870,95,3990,7982,6
13A200,41E2293F,108436988,1068120960,71,2930,7718,6
13A200,41E2290D,108436985,1068120870,95,3990,7980,3
13A200,41E2293F,108436988,1068120960,104,2930,7718,6
13A200,41E2290D,108436985,1068120870,205,3980,7979,3
13A200,41E2293F,108436988,1068120960,104,2930,7715,6
13A200,41E228D7,108436894,1068121029,-45648,3010,7987,6
13A200,41E2293F,108436988,1068120960,104,2930,7718,6
13A200,41E228D7,108436894,1068121029,-45648,3010,7987,6
13A200,41E2293F,108436988,1068120960,209,2930,7718,6
13A200,41E228F5,108436947,1068120857,-49760,3770,8094,3
13A200,41E2293F,108436988,1068120960,209,2930,7718,6
13A200,41E2290D,108436985,1068120870,205,3980,7982,20
13A200,41E2293F,108436988,1068120960,209,2930,7714,6
13A200,41E228F5,108436947,1068120857,-49760,3770,8094,3
13A200,41E2293F,108436988,1068120960,146,2930,7714,6
13A200,41E228D7,108436895,1068121029,-45492,3020,7992,6
13A200,41E2293F,108436988,1068120960,146,2930,7718,6
13A200,41E2290D,108436985,1068120870,205,3980,7983,6
13A200,41E2293F,108436988,1068120960,146,2930,7718,6
13A200,41E2290D,108436985,1068120870,245,3980,7982,6
13A200,41E2293F,108436987,1068120960,146,2930,7717,6
13A200,41E228F5,108436947,1068120857,-49760,3770,8094,3
13A200,41E2293F,108436987,1068120960,131,2930,7717,6
13A200,41E2290D,108436985,1068120870,245,3980,7981,3
13A200,41E2293F,108436987,1068120960,131,2930,7718,6
13A200,41E2290D,108436985,1068120870,245,3980,7981,3
13A200,41E2293F,108436987,1068120960,131,2930,7717,6
13A200,41E2290D,108436985,1068120870,245,3980,7981,3
13A200,41E2293F,108436987,1068120960,131,2930,7713,6
13A200,41E228F5,108436947,1068120857,-49760,3770,8097,3
13A200,41E2293F,108436988,1068120961,389,2930,7717,6
13A200,41E2290D,108436985,1068120870,138,3980,7991,3
13A200,41E2293F,108436988,1068120961,389,2930,7717,6
13A200,41E228F5,108436947,1068120857,-49760,3770,8097,3
13A200,41E2293F,108436988,1068120961,389,2930,7718,6
13A200,41E2290D,108436985,1068120870,138,3980,7986,0
13A200,41E2293F,108436988,1068120961,224,2930,7717,6
13A200,41E228D7,108436895,1068121029,-45666,3020,7994,6
13A200,41E2293F,108436988,1068120961,224,2930,7717,6
13A200,41E228F5,108436947,1068120857,-50093,3800,8097,3
13A200,41E2293F,108436988,1068120961,224,2940,7717,6
13A200,41E228F5,108436947,1068120857,-50093,3800,8099,3
13A200,41E2293F,108436988,1068120961,224,2940,7718,6
13A200,41E228F5,108436947,1068120857,-50093,3800,8096,3
13A200,41E2293F,108436988,1068120961,224,2940,7718,6
13A200,41E228F5,108436947,1068120857,-50093,3800,8101,3
13A200,41E2293F,108436988,1068120961,224,2940,7717,6
13A200,41E228F5,108436947,1068120857,-50093,3800,8101,3
13A200,41E2293F,108436988,1068120961,281,2940,7718,6
13A200,41E2290D,108436986,1068120870,64,3980,7987,3
13A200,41E2293F,108436988,1068120961,281,2940,7718,6
13A200,41E2290D,108436986,1068120870,64,3980,7986,3
13A200,41E2293F,108436988,1068120961,281,2940,7718,6
13A200,41E228F5,108436947,1068120857,-49487,3800,8101,3
13A200,41E2293F,108436988,1068120961,281,2940,7717,6
13A200,41E2290D,108436986,1068120870,-116,3980,7986,31
13A200,41E2293F,108436988,1068120961,281,2940,7715,6
13A200,41E228F5,108436947,1068120857,-49487,3800,8096,3
13A200,41E2293F,108436988,1068120961,281,2940,7715,6
13A200,41E2290D,108436986,1068120870,-116,3980,7982,255
13A200,41E2293F,108436987,1068120963,281,2940,7718,6
13A200,41E2290D,108436987,1068120870,-98,3990,7985,255
13A200,41E2293F,108436987,1068120963,278,2940,7718,6
13A200,41E228F5,108436947,1068120857,-49487,3800,8094,3
13A200,41E2293F,108436987,1068120963,278,2940,7718,6
13A200,41E2290D,108436988,1068120870,-98,3980,7986,3
13A200,41E2293F,108436987,1068120963,278,2940,7715,6
13A200,41E228F5,108436947,1068120857,-49487,3800,8099,3
13A200,41E2293F,108436987,1068120963,278,2940,7716,6
13A200,41E2290D,108436988,1068120870,18,3980,7982,3
13A200,41E2293F,108436987,1068120963,278,2940,7716,6
13A200,41E2290D,108436988,1068120870,18,3990,7984,3
13A200,41E2293F,108436987,1068120963,278,2940,7716,6
13A200,41E2290D,108436988,1068120870,18,3990,7989,3
13A200,41E2293F,108436987,1068120963,278,2940,7717,6
13A200,41E2290D,108436988,1068120870,92,3990,7982,0
13A200,41E2293F,108436987,1068120963,278,2940,7718,6
13A200,41E2290D,108436988,1068120870,92,3990,7982,0
13A200,41E2293F,108436987,1068120963,278,2940,7718,6
13A200,41E228F5,108436947,1068120857,-49566,3830,8099,3
13A200,41E2293F,108436987,1068120963,278,2940,7717,6
13A200,41E228F5,108436947,1068120857,-49259,3830,8100,3
13A200,41E2293F,108436987,1068120963,278,2940,7717,6
13A200,41E2290D,108436988,1068120870,144,3990,7987,3
13A200,41E2293F,108436987,1068120963,278,2940,7718,6
13A200,41E228D7,108436893,1068121029,-45598,3000,7989,6
13A200,41E2293F,108436985,1068120965,155,2940,7717,6
13A200,41E2290D,108436986,1068120871,49,3990,7989,6
13A200,41E2293F,108436985,1068120965,143,2940,7718,6
13A200,41E228F5,108436947,1068120858,-49518,3830,8096,3
13A200,41E2293F,108436985,1068120965,143,2940,7717,6
13A200,41E2290D,108436986,1068120871,49,3990,7989,3
13A200,41E2293F,108436985,1068120965,143,2940,7718,6
13A200,41E2290D,108436986,1068120871,49,3990,7989,3
13A200,41E2293F,108436985,1068120964,143,2940,7715,6
13A200,41E228F5,108436947,1068120858,-49518,3830,8096,3
13A200,41E2293F,108436985,1068120964,143,2940,7718,6
13A200,41E2290D,108436986,1068120871,49,3990,7989,3
13A200,41E2293F,108436985,1068120964,143,2890,7718,6
13A200,41E228D7,108436893,1068121029,-45598,3000,7992,6
13A200,41E2293F,108436985,1068120964,143,2890,7715,6
13A200,41E228D7,108436894,1068121030,-45604,3010,7998,6
13A200,41E2293F,108436985,1068120964,320,2890,7716,6
13A200,41E2290D,108436985,1068120872,119,3980,7980,6
13A200,41E2293F,108436985,1068120964,320,2890,7717,6
13A200,41E2290D,108436985,1068120872,119,3980,7984,6
13A200,41E2293F,108436985,1068120964,320,2890,7717,6
13A200,41E2290D,108436985,1068120872,119,3980,7984,0
13A200,41E2293F,108436984,1068120964,326,2830,7717,6
13A200,41E228F5,108436947,1068120860,-49133,3850,8094,3
13A200,41E2293F,108436984,1068120964,329,2830,7718,6
13A200,41E228F5,108436948,1068120860,-49512,3850,8099,3
13A200,41E2293F,108436984,1068120964,329,2830,7711,6
13A200,41E2290D,108436985,1068120873,6,3960,7982,3
13A200,41E2293F,108436984,1068120964,233,2820,7711,6
13A200,41E2290D,108436985,1068120873,6,3960,7982,3
13A200,41E2293F,108436983,1068120964,427,2820,7717,6
13A200,41E228D7,108436895,1068121030,-45604,3010,7992,6
13A200,41E2293F,108436983,1068120964,427,2830,7718,6
13A200,41E228F5,108436948,1068120860,-49341,3850,8101,3
13A200,41E2293F,108436983,1068120964,427,2830,7717,6
13A200,41E2290D,108436985,1068120873,6,3960,7984,3
13A200,41E2293F,108436983,1068120964,427,2830,7718,6
13A200,41E228D7,108436895,1068121030,-45604,3020,7992,6
13A200,41E2293F,108436983,1068120964,427,2830,7717,6
13A200,41E2290D,108436985,1068120873,6,3960,7984,6
13A200,41E2293F,108436983,1068120964,427,2830,7718,6
13A200,41E2290D,108436985,1068120873,6,3960,7984,0
13A200,41E2293F,108436983,1068120964,427,2830,7718,6
13A200,41E228D7,108436895,1068121030,-45702,3010,7996,6
13A200,41E2293F,108436983,1068120964,427,2830,7717,6
13A200,41E228F5,108436948,1068120860,-49016,3850,8102,3
13A200,41E2293F,108436983,1068120964,427,2830,7717,6
13A200,41E2290D,108436985,1068120873,43,3960,7984,198
13A200,41E2293F,108436983,1068120964,427,2830,7718,6
13A200,41E228F5,108436948,1068120860,-49016,3850,8104,3
13A200,41E2293F,108436983,1068120964,427,2840,7715,6
13A200,41E228D7,108436895,1068121031,-45721,3010,7995,6
13A200,41E2293F,108436983,1068120964,206,2840,7718,6
13A200,41E228D7,108436895,1068121031,-45721,3010,7992,6
13A200,41E2293F,108436983,1068120964,332,2840,7718,6
13A200,41E2290D,108436985,1068120873,43,3970,7982,6
13A200,41E2293F,108436983,1068120964,332,2840,7717,6
13A200,41E2290D,108436985,1068120873,43,3970,7986,3
13A200,41E2293F,108436983,1068120964,332,2840,7718,6
13A200,41E228D7,108436895,1068121031,-45721,3010,7994,6
13A200,41E2293F,108436981,1068120966,445,2840,7708,6
13A200,41E228F5,108436948,1068120860,-49191,3840,8104,3
13A200,41E2293F,108436981,1068120966,445,2840,7717,6
13A200,41E228D7,108436895,1068121031,-45721,3010,7994,6
13A200,41E2293F,108436981,1068120966,445,2840,7717,6
13A200,41E2290D,108436985,1068120873,43,3970,7987,6
13A200,41E2293F,108436981,1068120966,445,2840,7718,6
13A200,41E2290D,108436985,1068120872,-6,3980,7984,6
13A200,41E2293F,108436981,1068120966,445,2840,7708,6
13A200,41E2290D,108436985,1068120872,-6,3980,7982,6
13A200,41E2293F,108436980,1068120967,574,2860,7715,6
13A200,41E228F5,108436948,1068120860,-49191,3840,8099,3
13A200,41E2293F,108436980,1068120967,574,2860,7711,6
13A200,41E228F5,108436948,1068120860,-49191,3840,8101,3
13A200,41E2293F,108436980,1068120967,574,2860,7718,6
13A200,41E2290D,108436985,1068120872,380,3980,7984,3
13A200,41E2293F,108436980,1068120967,574,2860,7715,6
13A200,41E2290D,108436985,1068120872,380,3980,7984,0
13A200,41E2293F,108436980,1068120967,257,2860,7714,6
13A200,41E228F5,108436948,1068120860,-49449,3840,8096,3
13A200,41E2293F,108436980,1068120967,257,2860,7714,6
13A200,41E2290D,108436985,1068120872,-49,3980,7984,3
13A200,41E2293F,108436980,1068120967,143,2850,7717,6
13A200,41E2290D,108436984,1068120871,-12,3980,7987,3
13A200,41E2293F,108436980,1068120967,143,2850,7717,6
13A200,41E228D7,108436895,1068121030,-45721,3010,7991,6
13A200,41E2293F,108436980,1068120967,143,2850,7717,6
13A200,41E2290D,108436984,1068120871,-12,3980,7986,20
13A200,41E2293F,108436980,1068120967,143,2850,7717,6
13A200,41E2290D,108436984,1068120871,-12,3980,7981,20
13A200,41E2293F,108436980,1068120967,419,2850,7717,6
13A200,41E2290D,108436984,1068120871,-12,3980,7986,20
13A200,41E2293F,108436980,1068120967,419,2850,7717,6
13A200,41E2290D,108436984,1068120871,-12,3980,7986,20
13A200,41E2293F,108436982,1068120967,419,2850,7717,6
13A200,41E2290D,108436984,1068120871,-12,3980,7981,20
13A200,41E2293F,108436982,1068120967,419,2850,7717,6
13A200,41E228F5,108436948,1068120860,-49449,3870,8101,3
13A200,41E2293F,108436982,1068120967,419,3100,7718,6
13A200,41E2290D,108436984,1068120871,-12,3980,7986,3
13A200,41E2293F,108436982,1068120967,419,3100,7715,6
13A200,41E2290D,108436984,1068120871,-12,3980,7981,3
13A200,41E2293F,108436982,1068120967,419,3100,7711,6
13A200,41E228F5,108436947,1068120861,-49449,3870,8102,3
13A200,41E2293F,108436985,1068120964,419,3090,7717,6
13A200,41E228F5,108436947,1068120861,-49289,3880,8106,3
13A200,41E2293F,108436985,1068120964,419,3090,7715,6
13A200,41E2290D,108436984,1068120871,135,3980,7982,3
13A200,41E2293F,108436985,1068120964,194,3090,7717,6
13A200,41E228F5,108436947,1068120861,-49289,3880,8106,3
13A200,41E2293F,108436985,1068120964,194,3080,7717,6
13A200,41E228F5,108436947,1068120861,-49289,3880,8104,3
13A200,41E2293F,108436993,1068120957,194,3070,7713,6
13A200,41E2290D,108436984,1068120871,135,3980,7982,3
13A200,41E2293F,108436993,1068120957,194,3070,7717,6
13A200,41E2290D,108436984,1068120871,135,3980,7981,3
13A200,41E2293F,108436993,1068120957,194,3070,7717,6
13A200,41E228D7,108436895,1068121030,-45772,3000,7996,6
13A200,41E2293F,108436993,1068120957,194,3070,7717,6
13A200,41E228D7,108436895,1068121030,-45772,3000,7996,6
13A200,41E2293F,108436993,1068120957,194,3070,7715,6
13A200,41E228F5,108436947,1068120861,-49289,3880,8101,3
13A200,41E2293F,108436994,1068120956,302,3070,7717,6
13A200,41E228F5,108436948,1068120862,-49289,3880,8101,3
13A200,41E2293F,108436994,1068120956,302,3070,7716,6
13A200,41E2290D,108436984,1068120871,135,4020,7982,3
13A200,41E2293F,108436994,1068120956,302,3070,7716,6
13A200,41E228F5,108436948,1068120862,-49289,3880,8101,3
13A200,41E2293F,108436994,1068120956,170,3070,7717,6
13A200,41E228F5,108436948,1068120862,-49289,3880,8101,3
13A200,41E2293F,108436994,1068120956,170,3040,7717,6
13A200,41E2290D,108436984,1068120871,141,4020,7984,3
13A200,41E2293F,108436994,1068120956,170,3040,7711,6
13A200,41E2290D,108436984,1068120871,141,4020,7984,3
13A200,41E2293F,108436994,1068120956,170,3040,7717,6
13A200,41E2290D,108436984,1068120871,141,4020,7986,0
13A200,41E2293F,108436994,1068120956,170,3000,7718,6
13A200,41E2290D,108436984,1068120871,141,4020,7986,0
13A200,41E2293F,108436994,1068120956,170,3000,7717,6
13A200,41E2290D,108436984,1068120871,141,4020,7986,0
13A200,41E2293F,108436994,1068120956,170,3000,7717,6
13A200,41E2290D,108436984,1068120871,141,4020,7987,0
13A200,41E2293F,108436994,1068120956,170,3000,7717,6
13A200,41E2290D,108436984,1068120871,141,4020,7987,0
13A200,41E2293F,108436995,1068120956,323,2970,7717,6
13A200,41E228F5,108436948,1068120863,-49488,3880,8108,3
13A200,41E2293F,108436995,1068120956,323,2970,7720,6
13A200,41E2290D,108436984,1068120871,141,4020,7986,3
13A200,41E2293F,108436995,1068120956,320,2970,7717,6
13A200,41E228F5,108436948,1068120863,-49488,3880,8108,3
13A200,41E2293F,108436995,1068120956,320,2970,7715,6
13A200,41E2290D,108436985,1068120871,233,3990,7985,3
13A200,41E2293F,108436995,1068120956,320,2970,7717,6
13A200,41E2290D,108436984,1068120871,141,4020,7984,3
13A200,41E2293F,108436995,1068120956,320,2970,7717,6
13A200,41E2290D,108436985,1068120871,233,3990,7984,3
13A200,41E2293F,108436995,1068120956,320,2980,7718,6
13A200,41E2290D,108436985,1068120871,233,3990,7984,3
13A200,41E2293F,108436995,1068120956,320,2980,7717,6
13A200,41E228F5,108436948,1068120864,-49488,3880,8108,3
13A200,41E2293F,108436995,1068120956,320,2980,7714,6
13A200,41E228D7,108436896,1068121031,-45672,2980,7999,6
13A200,41E2293F,108436995,1068120956,320,2980,7715,6
13A200,41E2290D,108436985,1068120871,233,3990,7981,6
13A200,41E2293F,108436995,1068120956,320,2980,7717,6
13A200,41E228F5,108436948,1068120864,-49488,3880,8106,3
13A200,41E2293F,108436995,1068120956,320,2980,7711,6
13A200,41E2290D,108436985,1068120871,233,3980,7984,3
13A200,41E2293F,108436994,1068120958,320,2980,7713,6
13A200,41E228F5,108436948,1068120864,-49700,3890,8106,3
13A200,41E2293F,108436994,1068120958,95,2970,7711,6
13A200,41E2290D,108436986,1068120871,39,3990,7981,208
13A200,41E2293F,108436994,1068120958,95,2970,7713,6
13A200,41E228F5,108436948,1068120864,-49494,3890,8106,3
13A200,41E2293F,108436993,1068120958,95,2960,7713,6
13A200,41E228D7,108436896,1068121031,-45672,2970,7999,6
13A200,41E2293F,108436993,1068120958,95,2960,7713,6
13A200,41E2290D,108436986,1068120871,39,3990,7981,172
13A200,41E2293F,108436993,1068120958,173,2960,7713,6
13A200,41E228D7,108436895,1068121031,-45632,2970,7998,6
13A200,41E2293F,108436993,1068120958,173,2960,7707,6
13A200,41E2290D,108436986,1068120871,147,3990,7986,6
13A200,41E2293F,108436993,1068120958,173,2960,7707,6
13A200,41E228F5,108436948,1068120864,-49494,3890,8108,3
13A200,41E2293F,108436993,1068120958,173,2960,7713,6
13A200,41E228F5,108436948,1068120864,-49386,3890,8106,3
13A200,41E2293F,108436993,1068120958,173,2960,7709,6
13A200,41E2290D,108436986,1068120870,175,4000,7986,0
13A200,41E2293F,108436993,1068120958,227,2970,7710,6
13A200,41E228F5,108436948,1068120865,-49827,3880,8106,3
13A200,41E2293F,108436993,1068120958,227,2970,7710,6
13A200,41E2290D,108436986,1068120870,-36,3990,7981,252
13A200,41E2293F,108436993,1068120958,170,2980,7717,6
13A200,41E228F5,108436948,1068120865,-49827,3880,8106,3
13A200,41E2293F,108436993,1068120958,260,2980,7713,6
13A200,41E228D7,108436895,1068121031,-45611,2970,8001,6
13A200,41E2293F,108436993,1068120958,260,2980,7713,6
13A200,41E228F5,108436948,1068120866,-48939,3880,8106,3
13A200,41E2293F,108436993,1068120958,260,2980,7711,6
13A200,41E2290D,108436986,1068120869,24,3990,7985,6
13A200,41E2293F,108436993,1068120958,260,2980,7713,6
13A200,41E2290D,108436986,1068120869,24,3990,7984,3
13A200,41E2293F,108436993,1068120958,260,2980,7715,6
13A200,41E2290D,108436986,1068120869,24,3990,7984,0
13A200,41E2293F,108436993,1068120958,260,2980,7715,6
13A200,41E228F5,108436947,1068120867,-49425,3880,8108,3
13A200,41E2293F,108436993,1068120958,260,2980,7715,6
13A200,41E2290D,108436986,1068120869,3,3990,7984,3
13A200,41E2293F,108436993,1068120958,29,2980,7715,6
13A200,41E2290D,108436986,1068120869,3,4000,7986,3
13A200,41E2293F,108436993,1068120958,29,2980,7708,6
13A200,41E228D7,108436894,1068121030,-45720,2980,8003,6
13A200,41E2293F,108436993,1068120958,29,2980,7708,6
13A200,41E2290D,108436986,1068120869,3,4000,7986,6
13A200,41E2293F,108436993,1068120958,29,2980,7711,6
13A200,41E228F5,108436947,1068120868,-49643,3880,8108,3
13A200,41E2293F,108436994,1068120959,347,2980,7713,6
13A200,41E2290D,108436987,1068120869,3,4000,7987,3
13A200,41E2293F,108436994,1068120959,347,2980,7713,6
13A200,41E2290D,108436987,1068120869,3,4000,7987,119
13A200,41E2293F,108436994,1068120959,131,2980,7711,6
13A200,41E228D7,108436894,1068121030,-45720,2970,8003,6
13A200,41E2293F,108436994,1068120959,131,2980,7713,6
13A200,41E228F5,108436947,1068120868,-49553,3900,8109,3
13A200,41E2293F,108436993,1068120959,131,2970,7708,6
13A200,41E2290D,108436987,1068120869,76,4020,7983,255
13A200,41E2293F,108436993,1068120959,176,2960,7707,6
13A200,41E2290D,108436987,1068120869,76,4010,7987,0
13A200,41E2293F,108436993,1068120959,176,2960,7711,6
13A200,41E228D7,108436894,1068121030,-45800,2970,8006,6
13A200,41E2293F,108436993,1068120959,176,2960,7711,6
13A200,41E228F5,108436947,1068120868,-49553,3900,8109,3
13A200,41E2293F,108436993,1068120959,176,2960,7711,6
13A200,41E2290D,108436987,1068120868,107,4010,7989,0
13A200,41E2293F,108436993,1068120960,206,2960,7711,6
13A200,41E228F5,108436947,1068120868,-50430,3900,8114,3
13A200,41E2293F,108436993,1068120960,206,2940,7715,6
13A200,41E2290D,108436987,1068120868,76,4010,7987,0
13A200,41E2293F,108436993,1068120960,206,2940,7713,6
13A200,41E228F5,108436948,1068120869,-49614,3920,8108,3
13A200,41E2293F,108436993,1068120960,206,2940,7715,6
13A200,41E2290D,108436987,1068120868,279,4010,7984,3
13A200,41E2293F,108436993,1068120960,206,2940,7710,6
13A200,41E228D7,108436896,1068121029,-45771,3000,8001,4
13A200,41E2293F,108436992,1068120960,206,2940,7717,6
13A200,41E228F5,108436948,1068120869,-49259,3930,8108,3
13A200,41E2293F,108436992,1068120960,206,2940,7711,6
13A200,41E2290D,108436987,1068120867,-79,4010,7981,3
13A200,41E2293F,108436992,1068120960,206,2940,7715,6
13A200,41E2290D,108436987,1068120867,-79,4010,7982,3
13A200,41E2293F,108436992,1068120959,230,2940,7715,6
13A200,41E2290D,108436987,1068120867,-79,4010,7982,3
13A200,41E2293F,108436992,1068120959,230,2940,7715,6
13A200,41E228D7,108436896,1068121029,-45556,3000,8006,4
13A200,41E2293F,108436992,1068120959,146,2940,7715,6
13A200,41E2290D,108436987,1068120867,-79,4010,7981,0
13A200,41E2293F,108436992,1068120959,146,2940,7713,6
13A200,41E228F5,108436948,1068120869,-49259,3930,8108,3
13A200,41E2293F,108436992,1068120959,146,2940,7715,6
13A200,41E2290D,108436987,1068120867,-55,4010,7987,3
13A200,41E2293F,108436992,1068120959,146,2940,7715,6
13A200,41E2290D,108436987,1068120867,-55,4010,7981,3
13A200,41E2293F,108436992,1068120959,137,2940,7717,6
13A200,41E228F5,108436948,1068120869,-49259,3930,8106,3
13A200,41E2293F,108436992,1068120959,137,2940,7717,6
13A200,41E2290D,108436987,1068120867,279,4010,7981,3
13A200,41E2293F,108436992,1068120959,137,2940,7715,6
13A200,41E228F5,108436948,1068120869,-49652,3930,8108,3
13A200,41E2293F,108436992,1068120959,137,2940,7713,6
13A200,41E228F5,108436948,1068120869,-49652,3930,8108,3
13A200,41E2293F,108436991,1068120959,140,2940,7713,6
13A200,41E2290D,108436987,1068120867,187,4010,7984,0
13A200,41E2293F,108436991,1068120959,140,2930,7713,6
13A200,41E228D7,108436894,1068121031,-45802,3220,8003,4
13A200,41E2293F,108436991,1068120959,140,2930,7713,6
13A200,41E2290D,808464646,1990064959,-1438964992,47872,15,4
13A200,41E2293F,108436991,1068120959,95,2930,7713,6
13A200,41E2290D,108436986,1068120868,156,4010,7987,4
13A200,41E2293F,108436991,1068120959,95,2930,7713,6
13A200,41E228D7,108436892,1068121033,-45802,3250,7999,4
13A200,41E2293F,108436991,1068120959,95,2930,7717,6
13A200,41E228F5,108436947,1068120869,-48696,3940,8108,3
13A200,41E2293F,108436991,1068120959,95,2930,7713,6
13A200,41E228F5,108436947,1068120869,-48696,3940,8108,3
13A200,41E2293F,108436991,1068120959,95,2930,7710,6
13A200,41E2290D,108436986,1068120868,156,4010,7987,3
13A200,41E2293F,108436991,1068120959,263,2930,7710,6
13A200,41E2290D,108436985,1068120868,156,4010,7987,157
13A200,41E2293F,108436991,1068120959,257,2930,7716,6
13A200,41E228F5,108436947,1068120869,-48696,3940,8106,3
13A200,41E2293F,108436991,1068120960,23,2930,7715,6
13A200,41E2290D,108436985,1068120868,156,4010,7987,3
13A200,41E2293F,108436991,1068120960,23,2930,7715,6
13A200,41E2290D,108436985,1068120868,156,4010,7982,3
13A200,41E2293F,108436991,1068120960,23,2930,7714,6
13A200,41E228F5,108436947,1068120869,-48696,3940,8108,3
13A200,41E2293F,108436991,1068120960,23,2930,7715,6
13A200,41E2290D,108436985,1068120868,156,4010,7986,3
13A200,41E2293F,108436991,1068120960,23,2930,7715,6
13A200,41E228F5,108436947,1068120869,-48696,3940,8111,3
13A200,41E2293F,108436991,1068120960,23,2930,7715,6
13A200,41E2290D,108436985,1068120868,126,4000,7986,0
13A200,41E2293F,108436991,1068120960,209,2930,7715,6
13A200,41E2290D,108436985,1068120868,126,4000,7985,4
13A200,41E2293F,108436992,1068120960,209,2930,7715,6
